music: resources/audio/music/Song3.wav
playerPos: 360 464
joe:
625 464
725 464
785 464
876 464
1048 464
pedaller:
600 464
714 464
824 464
936 464
1506 288
flower:
304 464
487 464
757 384
1003 352
1279 464
1590 464
1330 352
1430 304
1598 256
1631 352
coin:
976 384
976 400
976 416
976 432
976 448
976 464
992 384
992 400
992 416
992 432
992 448
992 464
1600 352
1600 336
1600 320
1600 304
1600 288
1616 352
1616 336
1616 320
1616 304
1616 288
text:
fakeDirt:
976 384
976 400
976 416
976 432
976 448
976 464
992 384
992 400
992 416
992 432
992 448
992 464
1600 352
1600 336
1600 320
1600 304
1600 288
1616 352
1616 336
1616 320
1616 304
1616 288
1632 352
1632 336
fakeRightDirt:
1008 384
1008 400
1008 416
1008 432
1008 448
1008 464
1632 288
1632 304
score: tempScore
movingPlatform:
1480 464 0 false false 1 fall dirt
1672 464 0 false false 1 fall dirt
