playerPos: 384 512
joe:
800 512
1150 512
1300 512
1200 512
1552 512
pedaller:
738 416
841 368
1132 256
1345 304
1952 272
1968 272
flower:
350 512
420 400
658 512
962 320
1438 272
1649 288
coin:
32 384
32 368
32 352
32 336
32 320
48 384
48 368
48 352
48 336
48 320
592 400
592 416
592 432
592 448
592 464
592 480
592 496
592 512
608 400
608 416
608 432
608 448
608 464
608 480
608 496
608 512
1200 496
1216 496
1232 496
1952 272
1952 256
1952 240
1968 272
1968 256
1968 240
fakeDirt:
592 400
592 416
592 432
592 448
592 464
592 480
592 496
592 512
608 400
608 416
608 432
608 448
608 464
608 480
608 496
608 512
fakeRightDirt:
624 400
624 416
624 432
624 448
624 464
624 480
624 496
624 512
score: tempScore
movingPlatform: