playerPos: 240 752
joe: 
496 768
pedaller: 
flower: 
288 640
128 672
400 752
288 768
coin: 
16 624
32 624
48 624
16 640
32 640
48 640
16 656
32 656
48 656
16 672
32 672
48 672
336 736
352 736
496 736
512 736
528 736
112 752
128 752
144 752
160 752
176 752
320 752
496 752
512 752
528 752
fakeDirt: 
96 736
112 736
128 736
144 736
160 736
176 736
96 752
112 752
128 752
144 752
160 752
176 752
96 768
112 768
128 768
144 768
160 768
176 768
fakeRightDirt: 
192 736
192 752
192 768
score: tempScore
movingPlatform: 
336 784 128 false false 1 move dirt
