playerPos: 384 576
joe: 
944 640
pedaller: 
flower: 
400 576
768 592
1120 592
272 640
576 640
880 640
1008 640
1232 640
1072 688
960 720
coin: 
160 640
176 640
192 640
208 640
224 640
240 640
864 720
880 720
896 720
864 736
880 736
896 736
text: 
512 496 0
496 496 2
272 496 4
400 496 4
464 496 4
544 496 4
880 592 5
912 592 6
256 496 7
928 592 7
896 592 8
288 496 11
304 496 11
320 496 14
368 496 15
528 496 15
384 496 17
416 496 18
432 496 18
480 496 18
944 592 19
336 496 41
560 496 41
960 592 40
fakeDirt: 
1104 624
1120 624
1088 640
1104 640
1120 640
1072 656
1088 656
1104 656
1056 672
1072 672
1088 672
992 688
1008 688
1024 688
1040 688
1056 688
1072 688
976 704
992 704
1008 704
1024 704
1040 704
1056 704
864 720
880 720
896 720
912 720
976 720
992 720
864 736
880 736
896 736
912 736
fakeRightDirt: 
1136 624
1136 640
score: tempScore
movingPlatform: 
